<!DOCTYPE html>
<!-- Generated by pkgdown: do not edit by hand --><html lang="en"><head><meta http-equiv="Content-Type" content="text/html; charset=UTF-8"><meta charset="utf-8"><meta http-equiv="X-UA-Compatible" content="IE=edge"><meta name="viewport" content="width=device-width, initial-scale=1.0"><title>Compute covariance matrix for a Gaussian process — compute_cov_matrix • GPcov</title><!-- jquery --><script src="https://cdnjs.cloudflare.com/ajax/libs/jquery/3.4.1/jquery.min.js" integrity="sha256-CSXorXvZcTkaix6Yvo6HppcZGetbYMGWSFlBw8HfCJo=" crossorigin="anonymous"></script><!-- Bootstrap --><link rel="stylesheet" href="https://cdnjs.cloudflare.com/ajax/libs/twitter-bootstrap/3.4.1/css/bootstrap.min.css" integrity="sha256-bZLfwXAP04zRMK2BjiO8iu9pf4FbLqX6zitd+tIvLhE=" crossorigin="anonymous"><script src="https://cdnjs.cloudflare.com/ajax/libs/twitter-bootstrap/3.4.1/js/bootstrap.min.js" integrity="sha256-nuL8/2cJ5NDSSwnKD8VqreErSWHtnEP9E7AySL+1ev4=" crossorigin="anonymous"></script><!-- bootstrap-toc --><link rel="stylesheet" href="../bootstrap-toc.css"><script src="../bootstrap-toc.js"></script><!-- Font Awesome icons --><link rel="stylesheet" href="https://cdnjs.cloudflare.com/ajax/libs/font-awesome/5.12.1/css/all.min.css" integrity="sha256-mmgLkCYLUQbXn0B1SRqzHar6dCnv9oZFPEC1g1cwlkk=" crossorigin="anonymous"><link rel="stylesheet" href="https://cdnjs.cloudflare.com/ajax/libs/font-awesome/5.12.1/css/v4-shims.min.css" integrity="sha256-wZjR52fzng1pJHwx4aV2AO3yyTOXrcDW7jBpJtTwVxw=" crossorigin="anonymous"><!-- clipboard.js --><script src="https://cdnjs.cloudflare.com/ajax/libs/clipboard.js/2.0.6/clipboard.min.js" integrity="sha256-inc5kl9MA1hkeYUt+EC3BhlIgyp/2jDIyBLS6k3UxPI=" crossorigin="anonymous"></script><!-- headroom.js --><script src="https://cdnjs.cloudflare.com/ajax/libs/headroom/0.11.0/headroom.min.js" integrity="sha256-AsUX4SJE1+yuDu5+mAVzJbuYNPHj/WroHuZ8Ir/CkE0=" crossorigin="anonymous"></script><script src="https://cdnjs.cloudflare.com/ajax/libs/headroom/0.11.0/jQuery.headroom.min.js" integrity="sha256-ZX/yNShbjqsohH1k95liqY9Gd8uOiE1S4vZc+9KQ1K4=" crossorigin="anonymous"></script><!-- pkgdown --><link href="../pkgdown.css" rel="stylesheet"><script src="../pkgdown.js"></script><meta property="og:title" content="Compute covariance matrix for a Gaussian process — compute_cov_matrix"><meta property="og:description" content="Compute covariance matrix for a Gaussian process"><!-- mathjax --><script src="https://cdnjs.cloudflare.com/ajax/libs/mathjax/2.7.5/MathJax.js" integrity="sha256-nvJJv9wWKEm88qvoQl9ekL2J+k/RWIsaSScxxlsrv8k=" crossorigin="anonymous"></script><script src="https://cdnjs.cloudflare.com/ajax/libs/mathjax/2.7.5/config/TeX-AMS-MML_HTMLorMML.js" integrity="sha256-84DKXVJXs0/F8OTMzX4UR909+jtl4G7SPypPavF+GfA=" crossorigin="anonymous"></script><!--[if lt IE 9]>
<script src="https://oss.maxcdn.com/html5shiv/3.7.3/html5shiv.min.js"></script>
<script src="https://oss.maxcdn.com/respond/1.4.2/respond.min.js"></script>
<![endif]--></head><body data-spy="scroll" data-target="#toc">
    

    <div class="container template-reference-topic">
      <header><div class="navbar navbar-default navbar-fixed-top" role="navigation">
  <div class="container">
    <div class="navbar-header">
      <button type="button" class="navbar-toggle collapsed" data-toggle="collapse" data-target="#navbar" aria-expanded="false">
        <span class="sr-only">Toggle navigation</span>
        <span class="icon-bar"></span>
        <span class="icon-bar"></span>
        <span class="icon-bar"></span>
      </button>
      <span class="navbar-brand">
        <a class="navbar-link" href="../index.html">GPcov</a>
        <span class="version label label-default" data-toggle="tooltip" data-placement="bottom" title="">0.0.1.0</span>
      </span>
    </div>

    <div id="navbar" class="navbar-collapse collapse">
      <ul class="nav navbar-nav"><li>
  <a href="../reference/index.html">Reference</a>
</li>
      </ul><ul class="nav navbar-nav navbar-right"></ul></div><!--/.nav-collapse -->
  </div><!--/.container -->
</div><!--/.navbar -->

      

      </header><div class="row">
  <div class="col-md-9 contents">
    <div class="page-header">
    <h1>Compute covariance matrix for a Gaussian process</h1>
    
    <div class="hidden name"><code>compute_cov_matrix.Rd</code></div>
    </div>

    <div class="ref-description">
    <p>Compute covariance matrix for a Gaussian process</p>
    </div>

    <div id="ref-usage">
    <div class="sourceCode"><pre class="sourceCode r"><code><span class="fu">compute_cov_matrix</span><span class="op">(</span><span class="va">points</span>, <span class="va">cov_func</span>, <span class="va">...</span><span class="op">)</span></code></pre></div>
    </div>

    <div id="arguments">
    <h2>Arguments</h2>
    <dl><dt>points</dt>
<dd><p>A data frame with <code>n</code> rows and <code>d</code> columns.</p></dd>
<dt>cov_func</dt>
<dd><p>A covariance model. Options are <code>white_noise</code>, <code>brownian_motion</code>, <code>exponential</code>, and <code>matern_model</code>. For all functions (except for <code>brownian_motion</code>), one can provide <code>sig2</code>.
Also, for the <code>exponential</code> model, one has to provide the parameter <code>beta</code>, and for the <code>matern_model</code> model, the parameters <code>nu</code> and <code>beta</code>.
See <a href="https://avramaral.github.io/STAT294/rpack.html" class="external-link">https://avramaral.github.io/STAT294/rpack.html</a> for more details.</p></dd>
<dt>...</dt>
<dd><p>Additional parameters. See above.</p></dd>
</dl></div>
    <div id="value">
    <h2>Value</h2>
    <p>An <code>n</code> by <code>n</code> covariance matrix.</p>
    </div>

    <div id="ref-examples">
    <h2>Examples</h2>
    <div class="sourceCode"><pre class="sourceCode r"><code><span class="r-in"><span class="va">x</span> <span class="op">&lt;-</span> <span class="fu"><a href="https://rdrr.io/r/base/seq.html" class="external-link">seq</a></span><span class="op">(</span><span class="fl">1</span>, <span class="fl">10</span>, <span class="fl">1</span><span class="op">)</span></span>
<span class="r-in"><span class="va">y</span> <span class="op">&lt;-</span> <span class="fu"><a href="https://rdrr.io/r/base/seq.html" class="external-link">seq</a></span><span class="op">(</span><span class="fl">1</span>, <span class="fl">10</span>, <span class="fl">1</span><span class="op">)</span></span>
<span class="r-in"><span class="va">z</span> <span class="op">&lt;-</span> <span class="fu"><a href="https://rdrr.io/r/base/expand.grid.html" class="external-link">expand.grid</a></span><span class="op">(</span><span class="va">x</span>, <span class="va">y</span><span class="op">)</span></span>
<span class="r-in"><span class="fu">compute_cov_matrix</span><span class="op">(</span>points <span class="op">=</span> <span class="va">z</span>, cov_func <span class="op">=</span> <span class="st">"matern_model"</span>, sig2 <span class="op">=</span> <span class="fl">1</span>, nu <span class="op">=</span> <span class="fl">1</span>, beta <span class="op">=</span> <span class="fl">10</span><span class="op">)</span></span>
<span class="r-out co"><span class="r-pr">#&gt;</span>             [,1]      [,2]      [,3]      [,4]      [,5]      [,6]      [,7]</span>
<span class="r-out co"><span class="r-pr">#&gt;</span>   [1,] 1.0000000 0.9853845 0.9551945 0.9167976 0.8737418 0.8282206 0.7817010</span>
<span class="r-out co"><span class="r-pr">#&gt;</span>   [2,] 0.9853845 1.0000000 0.9853845 0.9551945 0.9167976 0.8737418 0.8282206</span>
<span class="r-out co"><span class="r-pr">#&gt;</span>   [3,] 0.9551945 0.9853845 1.0000000 0.9853845 0.9551945 0.9167976 0.8737418</span>
<span class="r-out co"><span class="r-pr">#&gt;</span>   [4,] 0.9167976 0.9551945 0.9853845 1.0000000 0.9853845 0.9551945 0.9167976</span>
<span class="r-out co"><span class="r-pr">#&gt;</span>   [5,] 0.8737418 0.9167976 0.9551945 0.9853845 1.0000000 0.9853845 0.9551945</span>
<span class="r-out co"><span class="r-pr">#&gt;</span>   [6,] 0.8282206 0.8737418 0.9167976 0.9551945 0.9853845 1.0000000 0.9853845</span>
<span class="r-out co"><span class="r-pr">#&gt;</span>   [7,] 0.7817010 0.8282206 0.8737418 0.9167976 0.9551945 0.9853845 1.0000000</span>
<span class="r-out co"><span class="r-pr">#&gt;</span>   [8,] 0.7351985 0.7817010 0.8282206 0.8737418 0.9167976 0.9551945 0.9853845</span>
<span class="r-out co"><span class="r-pr">#&gt;</span>   [9,] 0.6894253 0.7351985 0.7817010 0.8282206 0.8737418 0.9167976 0.9551945</span>
<span class="r-out co"><span class="r-pr">#&gt;</span>  [10,] 0.6448802 0.6894253 0.7351985 0.7817010 0.8282206 0.8737418 0.9167976</span>
<span class="r-out co"><span class="r-pr">#&gt;</span>  [11,] 0.9853845 0.9741974 0.9467065 0.9100579 0.8682359 0.8236393 0.7778402</span>
<span class="r-out co"><span class="r-pr">#&gt;</span>  [12,] 0.9741974 0.9853845 0.9741974 0.9467065 0.9100579 0.8682359 0.8236393</span>
<span class="r-out co"><span class="r-pr">#&gt;</span>  [13,] 0.9467065 0.9741974 0.9853845 0.9741974 0.9467065 0.9100579 0.8682359</span>
<span class="r-out co"><span class="r-pr">#&gt;</span>  [14,] 0.9100579 0.9467065 0.9741974 0.9853845 0.9741974 0.9467065 0.9100579</span>
<span class="r-out co"><span class="r-pr">#&gt;</span>  [15,] 0.8682359 0.9100579 0.9467065 0.9741974 0.9853845 0.9741974 0.9467065</span>
<span class="r-out co"><span class="r-pr">#&gt;</span>  [16,] 0.8236393 0.8682359 0.9100579 0.9467065 0.9741974 0.9853845 0.9741974</span>
<span class="r-out co"><span class="r-pr">#&gt;</span>  [17,] 0.7778402 0.8236393 0.8682359 0.9100579 0.9467065 0.9741974 0.9853845</span>
<span class="r-out co"><span class="r-pr">#&gt;</span>  [18,] 0.7319145 0.7778402 0.8236393 0.8682359 0.9100579 0.9467065 0.9741974</span>
<span class="r-out co"><span class="r-pr">#&gt;</span>  [19,] 0.6866119 0.7319145 0.7778402 0.8236393 0.8682359 0.9100579 0.9467065</span>
<span class="r-out co"><span class="r-pr">#&gt;</span>  [20,] 0.6424565 0.6866119 0.7319145 0.7778402 0.8236393 0.8682359 0.9100579</span>
<span class="r-out co"><span class="r-pr">#&gt;</span>  [21,] 0.9551945 0.9467065 0.9237926 0.8911209 0.8524542 0.8103575 0.7665669</span>
<span class="r-out co"><span class="r-pr">#&gt;</span>  [22,] 0.9467065 0.9551945 0.9467065 0.9237926 0.8911209 0.8524542 0.8103575</span>
<span class="r-out co"><span class="r-pr">#&gt;</span>  [23,] 0.9237926 0.9467065 0.9551945 0.9467065 0.9237926 0.8911209 0.8524542</span>
<span class="r-out co"><span class="r-pr">#&gt;</span>  [24,] 0.8911209 0.9237926 0.9467065 0.9551945 0.9467065 0.9237926 0.8911209</span>
<span class="r-out co"><span class="r-pr">#&gt;</span>  [25,] 0.8524542 0.8911209 0.9237926 0.9467065 0.9551945 0.9467065 0.9237926</span>
<span class="r-out co"><span class="r-pr">#&gt;</span>  [26,] 0.8103575 0.8524542 0.8911209 0.9237926 0.9467065 0.9551945 0.9467065</span>
<span class="r-out co"><span class="r-pr">#&gt;</span>  [27,] 0.7665669 0.8103575 0.8524542 0.8911209 0.9237926 0.9467065 0.9551945</span>
<span class="r-out co"><span class="r-pr">#&gt;</span>  [28,] 0.7222786 0.7665669 0.8103575 0.8524542 0.8911209 0.9237926 0.9467065</span>
<span class="r-out co"><span class="r-pr">#&gt;</span>  [29,] 0.6783283 0.7222786 0.7665669 0.8103575 0.8524542 0.8911209 0.9237926</span>
<span class="r-out co"><span class="r-pr">#&gt;</span>  [30,] 0.6353015 0.6783283 0.7222786 0.7665669 0.8103575 0.8524542 0.8911209</span>
<span class="r-out co"><span class="r-pr">#&gt;</span>  [31,] 0.9167976 0.9100579 0.8911209 0.8628577 0.8282206 0.7895872 0.7487194</span>
<span class="r-out co"><span class="r-pr">#&gt;</span>  [32,] 0.9100579 0.9167976 0.9100579 0.8911209 0.8628577 0.8282206 0.7895872</span>
<span class="r-out co"><span class="r-pr">#&gt;</span>  [33,] 0.8911209 0.9100579 0.9167976 0.9100579 0.8911209 0.8628577 0.8282206</span>
<span class="r-out co"><span class="r-pr">#&gt;</span>  [34,] 0.8628577 0.8911209 0.9100579 0.9167976 0.9100579 0.8911209 0.8628577</span>
<span class="r-out co"><span class="r-pr">#&gt;</span>  [35,] 0.8282206 0.8628577 0.8911209 0.9100579 0.9167976 0.9100579 0.8911209</span>
<span class="r-out co"><span class="r-pr">#&gt;</span>  [36,] 0.7895872 0.8282206 0.8628577 0.8911209 0.9100579 0.9167976 0.9100579</span>
<span class="r-out co"><span class="r-pr">#&gt;</span>  [37,] 0.7487194 0.7895872 0.8282206 0.8628577 0.8911209 0.9100579 0.9167976</span>
<span class="r-out co"><span class="r-pr">#&gt;</span>  [38,] 0.7068906 0.7487194 0.7895872 0.8282206 0.8628577 0.8911209 0.9100579</span>
<span class="r-out co"><span class="r-pr">#&gt;</span>  [39,] 0.6650153 0.7068906 0.7487194 0.7895872 0.8282206 0.8628577 0.8911209</span>
<span class="r-out co"><span class="r-pr">#&gt;</span>  [40,] 0.6237467 0.6650153 0.7068906 0.7487194 0.7895872 0.8282206 0.8628577</span>
<span class="r-out co"><span class="r-pr">#&gt;</span>  [41,] 0.8737418 0.8682359 0.8524542 0.8282206 0.7977058 0.7629069 0.7254554</span>
<span class="r-out co"><span class="r-pr">#&gt;</span>  [42,] 0.8682359 0.8737418 0.8682359 0.8524542 0.8282206 0.7977058 0.7629069</span>
<span class="r-out co"><span class="r-pr">#&gt;</span>  [43,] 0.8524542 0.8682359 0.8737418 0.8682359 0.8524542 0.8282206 0.7977058</span>
<span class="r-out co"><span class="r-pr">#&gt;</span>  [44,] 0.8282206 0.8524542 0.8682359 0.8737418 0.8682359 0.8524542 0.8282206</span>
<span class="r-out co"><span class="r-pr">#&gt;</span>  [45,] 0.7977058 0.8282206 0.8524542 0.8682359 0.8737418 0.8682359 0.8524542</span>
<span class="r-out co"><span class="r-pr">#&gt;</span>  [46,] 0.7629069 0.7977058 0.8282206 0.8524542 0.8682359 0.8737418 0.8682359</span>
<span class="r-out co"><span class="r-pr">#&gt;</span>  [47,] 0.7254554 0.7629069 0.7977058 0.8282206 0.8524542 0.8682359 0.8737418</span>
<span class="r-out co"><span class="r-pr">#&gt;</span>  [48,] 0.6866119 0.7254554 0.7629069 0.7977058 0.8282206 0.8524542 0.8682359</span>
<span class="r-out co"><span class="r-pr">#&gt;</span>  [49,] 0.6473239 0.6866119 0.7254554 0.7629069 0.7977058 0.8282206 0.8524542</span>
<span class="r-out co"><span class="r-pr">#&gt;</span>  [50,] 0.6082912 0.6473239 0.6866119 0.7254554 0.7629069 0.7977058 0.8282206</span>
<span class="r-out co"><span class="r-pr">#&gt;</span>  [51,] 0.8282206 0.8236393 0.8103575 0.7895872 0.7629069 0.7319145 0.6980292</span>
<span class="r-out co"><span class="r-pr">#&gt;</span>  [52,] 0.8236393 0.8282206 0.8236393 0.8103575 0.7895872 0.7629069 0.7319145</span>
<span class="r-out co"><span class="r-pr">#&gt;</span>  [53,] 0.8103575 0.8236393 0.8282206 0.8236393 0.8103575 0.7895872 0.7629069</span>
<span class="r-out co"><span class="r-pr">#&gt;</span>  [54,] 0.7895872 0.8103575 0.8236393 0.8282206 0.8236393 0.8103575 0.7895872</span>
<span class="r-out co"><span class="r-pr">#&gt;</span>  [55,] 0.7629069 0.7895872 0.8103575 0.8236393 0.8282206 0.8236393 0.8103575</span>
<span class="r-out co"><span class="r-pr">#&gt;</span>  [56,] 0.7319145 0.7629069 0.7895872 0.8103575 0.8236393 0.8282206 0.8236393</span>
<span class="r-out co"><span class="r-pr">#&gt;</span>  [57,] 0.6980292 0.7319145 0.7629069 0.7895872 0.8103575 0.8236393 0.8282206</span>
<span class="r-out co"><span class="r-pr">#&gt;</span>  [58,] 0.6624227 0.6980292 0.7319145 0.7629069 0.7895872 0.8103575 0.8236393</span>
<span class="r-out co"><span class="r-pr">#&gt;</span>  [59,] 0.6260219 0.6624227 0.6980292 0.7319145 0.7629069 0.7895872 0.8103575</span>
<span class="r-out co"><span class="r-pr">#&gt;</span>  [60,] 0.5895403 0.6260219 0.6624227 0.6980292 0.7319145 0.7629069 0.7895872</span>
<span class="r-out co"><span class="r-pr">#&gt;</span>  [61,] 0.7817010 0.7778402 0.7665669 0.7487194 0.7254554 0.6980292 0.6676307</span>
<span class="r-out co"><span class="r-pr">#&gt;</span>  [62,] 0.7778402 0.7817010 0.7778402 0.7665669 0.7487194 0.7254554 0.6980292</span>
<span class="r-out co"><span class="r-pr">#&gt;</span>  [63,] 0.7665669 0.7778402 0.7817010 0.7778402 0.7665669 0.7487194 0.7254554</span>
<span class="r-out co"><span class="r-pr">#&gt;</span>  [64,] 0.7487194 0.7665669 0.7778402 0.7817010 0.7778402 0.7665669 0.7487194</span>
<span class="r-out co"><span class="r-pr">#&gt;</span>  [65,] 0.7254554 0.7487194 0.7665669 0.7778402 0.7817010 0.7778402 0.7665669</span>
<span class="r-out co"><span class="r-pr">#&gt;</span>  [66,] 0.6980292 0.7254554 0.7487194 0.7665669 0.7778402 0.7817010 0.7778402</span>
<span class="r-out co"><span class="r-pr">#&gt;</span>  [67,] 0.6676307 0.6980292 0.7254554 0.7487194 0.7665669 0.7778402 0.7817010</span>
<span class="r-out co"><span class="r-pr">#&gt;</span>  [68,] 0.6353015 0.6676307 0.6980292 0.7254554 0.7487194 0.7665669 0.7778402</span>
<span class="r-out co"><span class="r-pr">#&gt;</span>  [69,] 0.6019072 0.6353015 0.6676307 0.6980292 0.7254554 0.7487194 0.7665669</span>
<span class="r-out co"><span class="r-pr">#&gt;</span>  [70,] 0.5681422 0.6019072 0.6353015 0.6676307 0.6980292 0.7254554 0.7487194</span>
<span class="r-out co"><span class="r-pr">#&gt;</span>  [71,] 0.7351985 0.7319145 0.7222786 0.7068906 0.6866119 0.6624227 0.6353015</span>
<span class="r-out co"><span class="r-pr">#&gt;</span>  [72,] 0.7319145 0.7351985 0.7319145 0.7222786 0.7068906 0.6866119 0.6624227</span>
<span class="r-out co"><span class="r-pr">#&gt;</span>  [73,] 0.7222786 0.7319145 0.7351985 0.7319145 0.7222786 0.7068906 0.6866119</span>
<span class="r-out co"><span class="r-pr">#&gt;</span>  [74,] 0.7068906 0.7222786 0.7319145 0.7351985 0.7319145 0.7222786 0.7068906</span>
<span class="r-out co"><span class="r-pr">#&gt;</span>  [75,] 0.6866119 0.7068906 0.7222786 0.7319145 0.7351985 0.7319145 0.7222786</span>
<span class="r-out co"><span class="r-pr">#&gt;</span>  [76,] 0.6624227 0.6866119 0.7068906 0.7222786 0.7319145 0.7351985 0.7319145</span>
<span class="r-out co"><span class="r-pr">#&gt;</span>  [77,] 0.6353015 0.6624227 0.6866119 0.7068906 0.7222786 0.7319145 0.7351985</span>
<span class="r-out co"><span class="r-pr">#&gt;</span>  [78,] 0.6061478 0.6353015 0.6624227 0.6866119 0.7068906 0.7222786 0.7319145</span>
<span class="r-out co"><span class="r-pr">#&gt;</span>  [79,] 0.5757427 0.6061478 0.6353015 0.6624227 0.6866119 0.7068906 0.7222786</span>
<span class="r-out co"><span class="r-pr">#&gt;</span>  [80,] 0.5447376 0.5757427 0.6061478 0.6353015 0.6624227 0.6866119 0.7068906</span>
<span class="r-out co"><span class="r-pr">#&gt;</span>  [81,] 0.6894253 0.6866119 0.6783283 0.6650153 0.6473239 0.6260219 0.6019072</span>
<span class="r-out co"><span class="r-pr">#&gt;</span>  [82,] 0.6866119 0.6894253 0.6866119 0.6783283 0.6650153 0.6473239 0.6260219</span>
<span class="r-out co"><span class="r-pr">#&gt;</span>  [83,] 0.6783283 0.6866119 0.6894253 0.6866119 0.6783283 0.6650153 0.6473239</span>
<span class="r-out co"><span class="r-pr">#&gt;</span>  [84,] 0.6650153 0.6783283 0.6866119 0.6894253 0.6866119 0.6783283 0.6650153</span>
<span class="r-out co"><span class="r-pr">#&gt;</span>  [85,] 0.6473239 0.6650153 0.6783283 0.6866119 0.6894253 0.6866119 0.6783283</span>
<span class="r-out co"><span class="r-pr">#&gt;</span>  [86,] 0.6260219 0.6473239 0.6650153 0.6783283 0.6866119 0.6894253 0.6866119</span>
<span class="r-out co"><span class="r-pr">#&gt;</span>  [87,] 0.6019072 0.6260219 0.6473239 0.6650153 0.6783283 0.6866119 0.6894253</span>
<span class="r-out co"><span class="r-pr">#&gt;</span>  [88,] 0.5757427 0.6019072 0.6260219 0.6473239 0.6650153 0.6783283 0.6866119</span>
<span class="r-out co"><span class="r-pr">#&gt;</span>  [89,] 0.5482164 0.5757427 0.6019072 0.6260219 0.6473239 0.6650153 0.6783283</span>
<span class="r-out co"><span class="r-pr">#&gt;</span>  [90,] 0.5199228 0.5482164 0.5757427 0.6019072 0.6260219 0.6473239 0.6650153</span>
<span class="r-out co"><span class="r-pr">#&gt;</span>  [91,] 0.6448802 0.6424565 0.6353015 0.6237467 0.6082912 0.5895403 0.5681422</span>
<span class="r-out co"><span class="r-pr">#&gt;</span>  [92,] 0.6424565 0.6448802 0.6424565 0.6353015 0.6237467 0.6082912 0.5895403</span>
<span class="r-out co"><span class="r-pr">#&gt;</span>  [93,] 0.6353015 0.6424565 0.6448802 0.6424565 0.6353015 0.6237467 0.6082912</span>
<span class="r-out co"><span class="r-pr">#&gt;</span>  [94,] 0.6237467 0.6353015 0.6424565 0.6448802 0.6424565 0.6353015 0.6237467</span>
<span class="r-out co"><span class="r-pr">#&gt;</span>  [95,] 0.6082912 0.6237467 0.6353015 0.6424565 0.6448802 0.6424565 0.6353015</span>
<span class="r-out co"><span class="r-pr">#&gt;</span>  [96,] 0.5895403 0.6082912 0.6237467 0.6353015 0.6424565 0.6448802 0.6424565</span>
<span class="r-out co"><span class="r-pr">#&gt;</span>  [97,] 0.5681422 0.5895403 0.6082912 0.6237467 0.6353015 0.6424565 0.6448802</span>
<span class="r-out co"><span class="r-pr">#&gt;</span>  [98,] 0.5447376 0.5681422 0.5895403 0.6082912 0.6237467 0.6353015 0.6424565</span>
<span class="r-out co"><span class="r-pr">#&gt;</span>  [99,] 0.5199228 0.5447376 0.5681422 0.5895403 0.6082912 0.6237467 0.6353015</span>
<span class="r-out co"><span class="r-pr">#&gt;</span> [100,] 0.4942296 0.5199228 0.5447376 0.5681422 0.5895403 0.6082912 0.6237467</span>
<span class="r-out co"><span class="r-pr">#&gt;</span>             [,8]      [,9]     [,10]     [,11]     [,12]     [,13]     [,14]</span>
<span class="r-out co"><span class="r-pr">#&gt;</span>   [1,] 0.7351985 0.6894253 0.6448802 0.9853845 0.9741974 0.9467065 0.9100579</span>
<span class="r-out co"><span class="r-pr">#&gt;</span>   [2,] 0.7817010 0.7351985 0.6894253 0.9741974 0.9853845 0.9741974 0.9467065</span>
<span class="r-out co"><span class="r-pr">#&gt;</span>   [3,] 0.8282206 0.7817010 0.7351985 0.9467065 0.9741974 0.9853845 0.9741974</span>
<span class="r-out co"><span class="r-pr">#&gt;</span>   [4,] 0.8737418 0.8282206 0.7817010 0.9100579 0.9467065 0.9741974 0.9853845</span>
<span class="r-out co"><span class="r-pr">#&gt;</span>   [5,] 0.9167976 0.8737418 0.8282206 0.8682359 0.9100579 0.9467065 0.9741974</span>
<span class="r-out co"><span class="r-pr">#&gt;</span>   [6,] 0.9551945 0.9167976 0.8737418 0.8236393 0.8682359 0.9100579 0.9467065</span>
<span class="r-out co"><span class="r-pr">#&gt;</span>   [7,] 0.9853845 0.9551945 0.9167976 0.7778402 0.8236393 0.8682359 0.9100579</span>
<span class="r-out co"><span class="r-pr">#&gt;</span>   [8,] 1.0000000 0.9853845 0.9551945 0.7319145 0.7778402 0.8236393 0.8682359</span>
<span class="r-out co"><span class="r-pr">#&gt;</span>   [9,] 0.9853845 1.0000000 0.9853845 0.6866119 0.7319145 0.7778402 0.8236393</span>
<span class="r-out co"><span class="r-pr">#&gt;</span>  [10,] 0.9551945 0.9853845 1.0000000 0.6424565 0.6866119 0.7319145 0.7778402</span>
<span class="r-out co"><span class="r-pr">#&gt;</span>  [11,] 0.7319145 0.6866119 0.6424565 1.0000000 0.9853845 0.9551945 0.9167976</span>
<span class="r-out co"><span class="r-pr">#&gt;</span>  [12,] 0.7778402 0.7319145 0.6866119 0.9853845 1.0000000 0.9853845 0.9551945</span>
<span class="r-out co"><span class="r-pr">#&gt;</span>  [13,] 0.8236393 0.7778402 0.7319145 0.9551945 0.9853845 1.0000000 0.9853845</span>
<span class="r-out co"><span class="r-pr">#&gt;</span>  [14,] 0.8682359 0.8236393 0.7778402 0.9167976 0.9551945 0.9853845 1.0000000</span>
<span class="r-out co"><span class="r-pr">#&gt;</span>  [15,] 0.9100579 0.8682359 0.8236393 0.8737418 0.9167976 0.9551945 0.9853845</span>
<span class="r-out co"><span class="r-pr">#&gt;</span>  [16,] 0.9467065 0.9100579 0.8682359 0.8282206 0.8737418 0.9167976 0.9551945</span>
<span class="r-out co"><span class="r-pr">#&gt;</span>  [17,] 0.9741974 0.9467065 0.9100579 0.7817010 0.8282206 0.8737418 0.9167976</span>
<span class="r-out co"><span class="r-pr">#&gt;</span>  [18,] 0.9853845 0.9741974 0.9467065 0.7351985 0.7817010 0.8282206 0.8737418</span>
<span class="r-out co"><span class="r-pr">#&gt;</span>  [19,] 0.9741974 0.9853845 0.9741974 0.6894253 0.7351985 0.7817010 0.8282206</span>
<span class="r-out co"><span class="r-pr">#&gt;</span>  [20,] 0.9467065 0.9741974 0.9853845 0.6448802 0.6894253 0.7351985 0.7817010</span>
<span class="r-out co"><span class="r-pr">#&gt;</span>  [21,] 0.7222786 0.6783283 0.6353015 0.9853845 0.9741974 0.9467065 0.9100579</span>
<span class="r-out co"><span class="r-pr">#&gt;</span>  [22,] 0.7665669 0.7222786 0.6783283 0.9741974 0.9853845 0.9741974 0.9467065</span>
<span class="r-out co"><span class="r-pr">#&gt;</span>  [23,] 0.8103575 0.7665669 0.7222786 0.9467065 0.9741974 0.9853845 0.9741974</span>
<span class="r-out co"><span class="r-pr">#&gt;</span>  [24,] 0.8524542 0.8103575 0.7665669 0.9100579 0.9467065 0.9741974 0.9853845</span>
<span class="r-out co"><span class="r-pr">#&gt;</span>  [25,] 0.8911209 0.8524542 0.8103575 0.8682359 0.9100579 0.9467065 0.9741974</span>
<span class="r-out co"><span class="r-pr">#&gt;</span>  [26,] 0.9237926 0.8911209 0.8524542 0.8236393 0.8682359 0.9100579 0.9467065</span>
<span class="r-out co"><span class="r-pr">#&gt;</span>  [27,] 0.9467065 0.9237926 0.8911209 0.7778402 0.8236393 0.8682359 0.9100579</span>
<span class="r-out co"><span class="r-pr">#&gt;</span>  [28,] 0.9551945 0.9467065 0.9237926 0.7319145 0.7778402 0.8236393 0.8682359</span>
<span class="r-out co"><span class="r-pr">#&gt;</span>  [29,] 0.9467065 0.9551945 0.9467065 0.6866119 0.7319145 0.7778402 0.8236393</span>
<span class="r-out co"><span class="r-pr">#&gt;</span>  [30,] 0.9237926 0.9467065 0.9551945 0.6424565 0.6866119 0.7319145 0.7778402</span>
<span class="r-out co"><span class="r-pr">#&gt;</span>  [31,] 0.7068906 0.6650153 0.6237467 0.9551945 0.9467065 0.9237926 0.8911209</span>
<span class="r-out co"><span class="r-pr">#&gt;</span>  [32,] 0.7487194 0.7068906 0.6650153 0.9467065 0.9551945 0.9467065 0.9237926</span>
<span class="r-out co"><span class="r-pr">#&gt;</span>  [33,] 0.7895872 0.7487194 0.7068906 0.9237926 0.9467065 0.9551945 0.9467065</span>
<span class="r-out co"><span class="r-pr">#&gt;</span>  [34,] 0.8282206 0.7895872 0.7487194 0.8911209 0.9237926 0.9467065 0.9551945</span>
<span class="r-out co"><span class="r-pr">#&gt;</span>  [35,] 0.8628577 0.8282206 0.7895872 0.8524542 0.8911209 0.9237926 0.9467065</span>
<span class="r-out co"><span class="r-pr">#&gt;</span>  [36,] 0.8911209 0.8628577 0.8282206 0.8103575 0.8524542 0.8911209 0.9237926</span>
<span class="r-out co"><span class="r-pr">#&gt;</span>  [37,] 0.9100579 0.8911209 0.8628577 0.7665669 0.8103575 0.8524542 0.8911209</span>
<span class="r-out co"><span class="r-pr">#&gt;</span>  [38,] 0.9167976 0.9100579 0.8911209 0.7222786 0.7665669 0.8103575 0.8524542</span>
<span class="r-out co"><span class="r-pr">#&gt;</span>  [39,] 0.9100579 0.9167976 0.9100579 0.6783283 0.7222786 0.7665669 0.8103575</span>
<span class="r-out co"><span class="r-pr">#&gt;</span>  [40,] 0.8911209 0.9100579 0.9167976 0.6353015 0.6783283 0.7222786 0.7665669</span>
<span class="r-out co"><span class="r-pr">#&gt;</span>  [41,] 0.6866119 0.6473239 0.6082912 0.9167976 0.9100579 0.8911209 0.8628577</span>
<span class="r-out co"><span class="r-pr">#&gt;</span>  [42,] 0.7254554 0.6866119 0.6473239 0.9100579 0.9167976 0.9100579 0.8911209</span>
<span class="r-out co"><span class="r-pr">#&gt;</span>  [43,] 0.7629069 0.7254554 0.6866119 0.8911209 0.9100579 0.9167976 0.9100579</span>
<span class="r-out co"><span class="r-pr">#&gt;</span>  [44,] 0.7977058 0.7629069 0.7254554 0.8628577 0.8911209 0.9100579 0.9167976</span>
<span class="r-out co"><span class="r-pr">#&gt;</span>  [45,] 0.8282206 0.7977058 0.7629069 0.8282206 0.8628577 0.8911209 0.9100579</span>
<span class="r-out co"><span class="r-pr">#&gt;</span>  [46,] 0.8524542 0.8282206 0.7977058 0.7895872 0.8282206 0.8628577 0.8911209</span>
<span class="r-out co"><span class="r-pr">#&gt;</span>  [47,] 0.8682359 0.8524542 0.8282206 0.7487194 0.7895872 0.8282206 0.8628577</span>
<span class="r-out co"><span class="r-pr">#&gt;</span>  [48,] 0.8737418 0.8682359 0.8524542 0.7068906 0.7487194 0.7895872 0.8282206</span>
<span class="r-out co"><span class="r-pr">#&gt;</span>  [49,] 0.8682359 0.8737418 0.8682359 0.6650153 0.7068906 0.7487194 0.7895872</span>
<span class="r-out co"><span class="r-pr">#&gt;</span>  [50,] 0.8524542 0.8682359 0.8737418 0.6237467 0.6650153 0.7068906 0.7487194</span>
<span class="r-out co"><span class="r-pr">#&gt;</span>  [51,] 0.6624227 0.6260219 0.5895403 0.8737418 0.8682359 0.8524542 0.8282206</span>
<span class="r-out co"><span class="r-pr">#&gt;</span>  [52,] 0.6980292 0.6624227 0.6260219 0.8682359 0.8737418 0.8682359 0.8524542</span>
<span class="r-out co"><span class="r-pr">#&gt;</span>  [53,] 0.7319145 0.6980292 0.6624227 0.8524542 0.8682359 0.8737418 0.8682359</span>
<span class="r-out co"><span class="r-pr">#&gt;</span>  [54,] 0.7629069 0.7319145 0.6980292 0.8282206 0.8524542 0.8682359 0.8737418</span>
<span class="r-out co"><span class="r-pr">#&gt;</span>  [55,] 0.7895872 0.7629069 0.7319145 0.7977058 0.8282206 0.8524542 0.8682359</span>
<span class="r-out co"><span class="r-pr">#&gt;</span>  [56,] 0.8103575 0.7895872 0.7629069 0.7629069 0.7977058 0.8282206 0.8524542</span>
<span class="r-out co"><span class="r-pr">#&gt;</span>  [57,] 0.8236393 0.8103575 0.7895872 0.7254554 0.7629069 0.7977058 0.8282206</span>
<span class="r-out co"><span class="r-pr">#&gt;</span>  [58,] 0.8282206 0.8236393 0.8103575 0.6866119 0.7254554 0.7629069 0.7977058</span>
<span class="r-out co"><span class="r-pr">#&gt;</span>  [59,] 0.8236393 0.8282206 0.8236393 0.6473239 0.6866119 0.7254554 0.7629069</span>
<span class="r-out co"><span class="r-pr">#&gt;</span>  [60,] 0.8103575 0.8236393 0.8282206 0.6082912 0.6473239 0.6866119 0.7254554</span>
<span class="r-out co"><span class="r-pr">#&gt;</span>  [61,] 0.6353015 0.6019072 0.5681422 0.8282206 0.8236393 0.8103575 0.7895872</span>
<span class="r-out co"><span class="r-pr">#&gt;</span>  [62,] 0.6676307 0.6353015 0.6019072 0.8236393 0.8282206 0.8236393 0.8103575</span>
<span class="r-out co"><span class="r-pr">#&gt;</span>  [63,] 0.6980292 0.6676307 0.6353015 0.8103575 0.8236393 0.8282206 0.8236393</span>
<span class="r-out co"><span class="r-pr">#&gt;</span>  [64,] 0.7254554 0.6980292 0.6676307 0.7895872 0.8103575 0.8236393 0.8282206</span>
<span class="r-out co"><span class="r-pr">#&gt;</span>  [65,] 0.7487194 0.7254554 0.6980292 0.7629069 0.7895872 0.8103575 0.8236393</span>
<span class="r-out co"><span class="r-pr">#&gt;</span>  [66,] 0.7665669 0.7487194 0.7254554 0.7319145 0.7629069 0.7895872 0.8103575</span>
<span class="r-out co"><span class="r-pr">#&gt;</span>  [67,] 0.7778402 0.7665669 0.7487194 0.6980292 0.7319145 0.7629069 0.7895872</span>
<span class="r-out co"><span class="r-pr">#&gt;</span>  [68,] 0.7817010 0.7778402 0.7665669 0.6624227 0.6980292 0.7319145 0.7629069</span>
<span class="r-out co"><span class="r-pr">#&gt;</span>  [69,] 0.7778402 0.7817010 0.7778402 0.6260219 0.6624227 0.6980292 0.7319145</span>
<span class="r-out co"><span class="r-pr">#&gt;</span>  [70,] 0.7665669 0.7778402 0.7817010 0.5895403 0.6260219 0.6624227 0.6980292</span>
<span class="r-out co"><span class="r-pr">#&gt;</span>  [71,] 0.6061478 0.5757427 0.5447376 0.7817010 0.7778402 0.7665669 0.7487194</span>
<span class="r-out co"><span class="r-pr">#&gt;</span>  [72,] 0.6353015 0.6061478 0.5757427 0.7778402 0.7817010 0.7778402 0.7665669</span>
<span class="r-out co"><span class="r-pr">#&gt;</span>  [73,] 0.6624227 0.6353015 0.6061478 0.7665669 0.7778402 0.7817010 0.7778402</span>
<span class="r-out co"><span class="r-pr">#&gt;</span>  [74,] 0.6866119 0.6624227 0.6353015 0.7487194 0.7665669 0.7778402 0.7817010</span>
<span class="r-out co"><span class="r-pr">#&gt;</span>  [75,] 0.7068906 0.6866119 0.6624227 0.7254554 0.7487194 0.7665669 0.7778402</span>
<span class="r-out co"><span class="r-pr">#&gt;</span>  [76,] 0.7222786 0.7068906 0.6866119 0.6980292 0.7254554 0.7487194 0.7665669</span>
<span class="r-out co"><span class="r-pr">#&gt;</span>  [77,] 0.7319145 0.7222786 0.7068906 0.6676307 0.6980292 0.7254554 0.7487194</span>
<span class="r-out co"><span class="r-pr">#&gt;</span>  [78,] 0.7351985 0.7319145 0.7222786 0.6353015 0.6676307 0.6980292 0.7254554</span>
<span class="r-out co"><span class="r-pr">#&gt;</span>  [79,] 0.7319145 0.7351985 0.7319145 0.6019072 0.6353015 0.6676307 0.6980292</span>
<span class="r-out co"><span class="r-pr">#&gt;</span>  [80,] 0.7222786 0.7319145 0.7351985 0.5681422 0.6019072 0.6353015 0.6676307</span>
<span class="r-out co"><span class="r-pr">#&gt;</span>  [81,] 0.5757427 0.5482164 0.5199228 0.7351985 0.7319145 0.7222786 0.7068906</span>
<span class="r-out co"><span class="r-pr">#&gt;</span>  [82,] 0.6019072 0.5757427 0.5482164 0.7319145 0.7351985 0.7319145 0.7222786</span>
<span class="r-out co"><span class="r-pr">#&gt;</span>  [83,] 0.6260219 0.6019072 0.5757427 0.7222786 0.7319145 0.7351985 0.7319145</span>
<span class="r-out co"><span class="r-pr">#&gt;</span>  [84,] 0.6473239 0.6260219 0.6019072 0.7068906 0.7222786 0.7319145 0.7351985</span>
<span class="r-out co"><span class="r-pr">#&gt;</span>  [85,] 0.6650153 0.6473239 0.6260219 0.6866119 0.7068906 0.7222786 0.7319145</span>
<span class="r-out co"><span class="r-pr">#&gt;</span>  [86,] 0.6783283 0.6650153 0.6473239 0.6624227 0.6866119 0.7068906 0.7222786</span>
<span class="r-out co"><span class="r-pr">#&gt;</span>  [87,] 0.6866119 0.6783283 0.6650153 0.6353015 0.6624227 0.6866119 0.7068906</span>
<span class="r-out co"><span class="r-pr">#&gt;</span>  [88,] 0.6894253 0.6866119 0.6783283 0.6061478 0.6353015 0.6624227 0.6866119</span>
<span class="r-out co"><span class="r-pr">#&gt;</span>  [89,] 0.6866119 0.6894253 0.6866119 0.5757427 0.6061478 0.6353015 0.6624227</span>
<span class="r-out co"><span class="r-pr">#&gt;</span>  [90,] 0.6783283 0.6866119 0.6894253 0.5447376 0.5757427 0.6061478 0.6353015</span>
<span class="r-out co"><span class="r-pr">#&gt;</span>  [91,] 0.5447376 0.5199228 0.4942296 0.6894253 0.6866119 0.6783283 0.6650153</span>
<span class="r-out co"><span class="r-pr">#&gt;</span>  [92,] 0.5681422 0.5447376 0.5199228 0.6866119 0.6894253 0.6866119 0.6783283</span>
<span class="r-out co"><span class="r-pr">#&gt;</span>  [93,] 0.5895403 0.5681422 0.5447376 0.6783283 0.6866119 0.6894253 0.6866119</span>
<span class="r-out co"><span class="r-pr">#&gt;</span>  [94,] 0.6082912 0.5895403 0.5681422 0.6650153 0.6783283 0.6866119 0.6894253</span>
<span class="r-out co"><span class="r-pr">#&gt;</span>  [95,] 0.6237467 0.6082912 0.5895403 0.6473239 0.6650153 0.6783283 0.6866119</span>
<span class="r-out co"><span class="r-pr">#&gt;</span>  [96,] 0.6353015 0.6237467 0.6082912 0.6260219 0.6473239 0.6650153 0.6783283</span>
<span class="r-out co"><span class="r-pr">#&gt;</span>  [97,] 0.6424565 0.6353015 0.6237467 0.6019072 0.6260219 0.6473239 0.6650153</span>
<span class="r-out co"><span class="r-pr">#&gt;</span>  [98,] 0.6448802 0.6424565 0.6353015 0.5757427 0.6019072 0.6260219 0.6473239</span>
<span class="r-out co"><span class="r-pr">#&gt;</span>  [99,] 0.6424565 0.6448802 0.6424565 0.5482164 0.5757427 0.6019072 0.6260219</span>
<span class="r-out co"><span class="r-pr">#&gt;</span> [100,] 0.6353015 0.6424565 0.6448802 0.5199228 0.5482164 0.5757427 0.6019072</span>
<span class="r-out co"><span class="r-pr">#&gt;</span>            [,15]     [,16]     [,17]     [,18]     [,19]     [,20]     [,21]</span>
<span class="r-out co"><span class="r-pr">#&gt;</span>   [1,] 0.8682359 0.8236393 0.7778402 0.7319145 0.6866119 0.6424565 0.9551945</span>
<span class="r-out co"><span class="r-pr">#&gt;</span>   [2,] 0.9100579 0.8682359 0.8236393 0.7778402 0.7319145 0.6866119 0.9467065</span>
<span class="r-out co"><span class="r-pr">#&gt;</span>   [3,] 0.9467065 0.9100579 0.8682359 0.8236393 0.7778402 0.7319145 0.9237926</span>
<span class="r-out co"><span class="r-pr">#&gt;</span>   [4,] 0.9741974 0.9467065 0.9100579 0.8682359 0.8236393 0.7778402 0.8911209</span>
<span class="r-out co"><span class="r-pr">#&gt;</span>   [5,] 0.9853845 0.9741974 0.9467065 0.9100579 0.8682359 0.8236393 0.8524542</span>
<span class="r-out co"><span class="r-pr">#&gt;</span>   [6,] 0.9741974 0.9853845 0.9741974 0.9467065 0.9100579 0.8682359 0.8103575</span>
<span class="r-out co"><span class="r-pr">#&gt;</span>   [7,] 0.9467065 0.9741974 0.9853845 0.9741974 0.9467065 0.9100579 0.7665669</span>
<span class="r-out co"><span class="r-pr">#&gt;</span>   [8,] 0.9100579 0.9467065 0.9741974 0.9853845 0.9741974 0.9467065 0.7222786</span>
<span class="r-out co"><span class="r-pr">#&gt;</span>   [9,] 0.8682359 0.9100579 0.9467065 0.9741974 0.9853845 0.9741974 0.6783283</span>
<span class="r-out co"><span class="r-pr">#&gt;</span>  [10,] 0.8236393 0.8682359 0.9100579 0.9467065 0.9741974 0.9853845 0.6353015</span>
<span class="r-out co"><span class="r-pr">#&gt;</span>  [11,] 0.8737418 0.8282206 0.7817010 0.7351985 0.6894253 0.6448802 0.9853845</span>
<span class="r-out co"><span class="r-pr">#&gt;</span>  [12,] 0.9167976 0.8737418 0.8282206 0.7817010 0.7351985 0.6894253 0.9741974</span>
<span class="r-out co"><span class="r-pr">#&gt;</span>  [13,] 0.9551945 0.9167976 0.8737418 0.8282206 0.7817010 0.7351985 0.9467065</span>
<span class="r-out co"><span class="r-pr">#&gt;</span>  [14,] 0.9853845 0.9551945 0.9167976 0.8737418 0.8282206 0.7817010 0.9100579</span>
<span class="r-out co"><span class="r-pr">#&gt;</span>  [15,] 1.0000000 0.9853845 0.9551945 0.9167976 0.8737418 0.8282206 0.8682359</span>
<span class="r-out co"><span class="r-pr">#&gt;</span>  [16,] 0.9853845 1.0000000 0.9853845 0.9551945 0.9167976 0.8737418 0.8236393</span>
<span class="r-out co"><span class="r-pr">#&gt;</span>  [17,] 0.9551945 0.9853845 1.0000000 0.9853845 0.9551945 0.9167976 0.7778402</span>
<span class="r-out co"><span class="r-pr">#&gt;</span>  [18,] 0.9167976 0.9551945 0.9853845 1.0000000 0.9853845 0.9551945 0.7319145</span>
<span class="r-out co"><span class="r-pr">#&gt;</span>  [19,] 0.8737418 0.9167976 0.9551945 0.9853845 1.0000000 0.9853845 0.6866119</span>
<span class="r-out co"><span class="r-pr">#&gt;</span>  [20,] 0.8282206 0.8737418 0.9167976 0.9551945 0.9853845 1.0000000 0.6424565</span>
<span class="r-out co"><span class="r-pr">#&gt;</span>  [21,] 0.8682359 0.8236393 0.7778402 0.7319145 0.6866119 0.6424565 1.0000000</span>
<span class="r-out co"><span class="r-pr">#&gt;</span>  [22,] 0.9100579 0.8682359 0.8236393 0.7778402 0.7319145 0.6866119 0.9853845</span>
<span class="r-out co"><span class="r-pr">#&gt;</span>  [23,] 0.9467065 0.9100579 0.8682359 0.8236393 0.7778402 0.7319145 0.9551945</span>
<span class="r-out co"><span class="r-pr">#&gt;</span>  [24,] 0.9741974 0.9467065 0.9100579 0.8682359 0.8236393 0.7778402 0.9167976</span>
<span class="r-out co"><span class="r-pr">#&gt;</span>  [25,] 0.9853845 0.9741974 0.9467065 0.9100579 0.8682359 0.8236393 0.8737418</span>
<span class="r-out co"><span class="r-pr">#&gt;</span>  [26,] 0.9741974 0.9853845 0.9741974 0.9467065 0.9100579 0.8682359 0.8282206</span>
<span class="r-out co"><span class="r-pr">#&gt;</span>  [27,] 0.9467065 0.9741974 0.9853845 0.9741974 0.9467065 0.9100579 0.7817010</span>
<span class="r-out co"><span class="r-pr">#&gt;</span>  [28,] 0.9100579 0.9467065 0.9741974 0.9853845 0.9741974 0.9467065 0.7351985</span>
<span class="r-out co"><span class="r-pr">#&gt;</span>  [29,] 0.8682359 0.9100579 0.9467065 0.9741974 0.9853845 0.9741974 0.6894253</span>
<span class="r-out co"><span class="r-pr">#&gt;</span>  [30,] 0.8236393 0.8682359 0.9100579 0.9467065 0.9741974 0.9853845 0.6448802</span>
<span class="r-out co"><span class="r-pr">#&gt;</span>  [31,] 0.8524542 0.8103575 0.7665669 0.7222786 0.6783283 0.6353015 0.9853845</span>
<span class="r-out co"><span class="r-pr">#&gt;</span>  [32,] 0.8911209 0.8524542 0.8103575 0.7665669 0.7222786 0.6783283 0.9741974</span>
<span class="r-out co"><span class="r-pr">#&gt;</span>  [33,] 0.9237926 0.8911209 0.8524542 0.8103575 0.7665669 0.7222786 0.9467065</span>
